(kicad_pcb (version 20171130) (host pcbnew "(5.1.10)-1")

  (general
    (thickness 1.6)
    (drawings 4)
    (tracks 108)
    (zones 0)
    (modules 18)
    (nets 24)
  )

  (page A4)
  (layers
    (0 F.Cu signal)
    (31 B.Cu signal)
    (32 B.Adhes user)
    (33 F.Adhes user)
    (34 B.Paste user)
    (35 F.Paste user)
    (36 B.SilkS user)
    (37 F.SilkS user)
    (38 B.Mask user)
    (39 F.Mask user)
    (40 Dwgs.User user)
    (41 Cmts.User user)
    (42 Eco1.User user)
    (43 Eco2.User user)
    (44 Edge.Cuts user)
    (45 Margin user)
    (46 B.CrtYd user)
    (47 F.CrtYd user)
    (48 B.Fab user)
    (49 F.Fab user)
  )

  (setup
    (last_trace_width 0.25)
    (user_trace_width 1.27)
    (user_trace_width 1.5)
    (user_trace_width 2)
    (trace_clearance 0.2)
    (zone_clearance 0.508)
    (zone_45_only no)
    (trace_min 0.2)
    (via_size 0.8)
    (via_drill 0.4)
    (via_min_size 0.4)
    (via_min_drill 0.3)
    (uvia_size 0.3)
    (uvia_drill 0.1)
    (uvias_allowed no)
    (uvia_min_size 0.2)
    (uvia_min_drill 0.1)
    (edge_width 0.05)
    (segment_width 0.2)
    (pcb_text_width 0.3)
    (pcb_text_size 1.5 1.5)
    (mod_edge_width 0.12)
    (mod_text_size 1 1)
    (mod_text_width 0.15)
    (pad_size 1.524 1.524)
    (pad_drill 0.762)
    (pad_to_mask_clearance 0)
    (aux_axis_origin 0 0)
    (visible_elements 7FFFFFFF)
    (pcbplotparams
      (layerselection 0x01000_fffffffe)
      (usegerberextensions false)
      (usegerberattributes true)
      (usegerberadvancedattributes true)
      (creategerberjobfile true)
      (excludeedgelayer true)
      (linewidth 0.100000)
      (plotframeref false)
      (viasonmask false)
      (mode 1)
      (useauxorigin false)
      (hpglpennumber 1)
      (hpglpenspeed 20)
      (hpglpendiameter 15.000000)
      (psnegative false)
      (psa4output false)
      (plotreference true)
      (plotvalue true)
      (plotinvisibletext false)
      (padsonsilk false)
      (subtractmaskfromsilk false)
      (outputformat 1)
      (mirror false)
      (drillshape 0)
      (scaleselection 1)
      (outputdirectory ""))
  )

  (net 0 "")
  (net 1 GND)
  (net 2 Sleeve1)
  (net 3 Sleeve2)
  (net 4 Sleeve3)
  (net 5 SCK)
  (net 6 CS)
  (net 7 MISO)
  (net 8 Analog_Pressure)
  (net 9 Push_Button_In)
  (net 10 Push_Button_Out)
  (net 11 Tip1)
  (net 12 Tip2)
  (net 13 Tip3)
  (net 14 +BATT)
  (net 15 GND1)
  (net 16 +3V3)
  (net 17 GND2)
  (net 18 +5V)
  (net 19 /Delay)
  (net 20 /Drive)
  (net 21 /Done)
  (net 22 "Net-(R1-Pad2)")
  (net 23 "Net-(R2-Pad1)")

  (net_class Default "This is the default net class."
    (clearance 0.2)
    (trace_width 0.25)
    (via_dia 0.8)
    (via_drill 0.4)
    (uvia_dia 0.3)
    (uvia_drill 0.1)
    (add_net +3V3)
    (add_net +5V)
    (add_net +BATT)
    (add_net /Delay)
    (add_net /Done)
    (add_net /Drive)
    (add_net Analog_Pressure)
    (add_net CS)
    (add_net GND)
    (add_net GND1)
    (add_net GND2)
    (add_net MISO)
    (add_net "Net-(R1-Pad2)")
    (add_net "Net-(R2-Pad1)")
    (add_net Push_Button_In)
    (add_net Push_Button_Out)
    (add_net SCK)
    (add_net Sleeve1)
    (add_net Sleeve2)
    (add_net Sleeve3)
    (add_net Tip1)
    (add_net Tip2)
    (add_net Tip3)
  )

  (module TerminalBlock_Phoenix:TerminalBlock_Phoenix_MKDS-1,5-2-5.08_1x02_P5.08mm_Horizontal (layer F.Cu) (tedit 5B294EBC) (tstamp 60ABB674)
    (at 176.12 65)
    (descr "Terminal Block Phoenix MKDS-1,5-2-5.08, 2 pins, pitch 5.08mm, size 10.2x9.8mm^2, drill diamater 1.3mm, pad diameter 2.6mm, see http://www.farnell.com/datasheets/100425.pdf, script-generated using https://github.com/pointhi/kicad-footprint-generator/scripts/TerminalBlock_Phoenix")
    (tags "THT Terminal Block Phoenix MKDS-1,5-2-5.08 pitch 5.08mm size 10.2x9.8mm^2 drill 1.3mm pad 2.6mm")
    (path /60A64EF1)
    (fp_text reference Current1_Sensor1 (at 2.647 5.874) (layer F.SilkS)
      (effects (font (size 1 1) (thickness 0.15)))
    )
    (fp_text value " " (at 2.54 5.66) (layer F.Fab)
      (effects (font (size 1 1) (thickness 0.15)))
    )
    (fp_line (start 8.13 -5.71) (end -3.04 -5.71) (layer F.CrtYd) (width 0.05))
    (fp_line (start 8.13 5.1) (end 8.13 -5.71) (layer F.CrtYd) (width 0.05))
    (fp_line (start -3.04 5.1) (end 8.13 5.1) (layer F.CrtYd) (width 0.05))
    (fp_line (start -3.04 -5.71) (end -3.04 5.1) (layer F.CrtYd) (width 0.05))
    (fp_line (start -2.84 4.9) (end -2.34 4.9) (layer F.SilkS) (width 0.12))
    (fp_line (start -2.84 4.16) (end -2.84 4.9) (layer F.SilkS) (width 0.12))
    (fp_line (start 3.853 1.023) (end 3.806 1.069) (layer F.SilkS) (width 0.12))
    (fp_line (start 6.15 -1.275) (end 6.115 -1.239) (layer F.SilkS) (width 0.12))
    (fp_line (start 4.046 1.239) (end 4.011 1.274) (layer F.SilkS) (width 0.12))
    (fp_line (start 6.355 -1.069) (end 6.308 -1.023) (layer F.SilkS) (width 0.12))
    (fp_line (start 6.035 -1.138) (end 3.943 0.955) (layer F.Fab) (width 0.1))
    (fp_line (start 6.218 -0.955) (end 4.126 1.138) (layer F.Fab) (width 0.1))
    (fp_line (start 0.955 -1.138) (end -1.138 0.955) (layer F.Fab) (width 0.1))
    (fp_line (start 1.138 -0.955) (end -0.955 1.138) (layer F.Fab) (width 0.1))
    (fp_line (start 7.68 -5.261) (end 7.68 4.66) (layer F.SilkS) (width 0.12))
    (fp_line (start -2.6 -5.261) (end -2.6 4.66) (layer F.SilkS) (width 0.12))
    (fp_line (start -2.6 4.66) (end 7.68 4.66) (layer F.SilkS) (width 0.12))
    (fp_line (start -2.6 -5.261) (end 7.68 -5.261) (layer F.SilkS) (width 0.12))
    (fp_line (start -2.6 -2.301) (end 7.68 -2.301) (layer F.SilkS) (width 0.12))
    (fp_line (start -2.54 -2.3) (end 7.62 -2.3) (layer F.Fab) (width 0.1))
    (fp_line (start -2.6 2.6) (end 7.68 2.6) (layer F.SilkS) (width 0.12))
    (fp_line (start -2.54 2.6) (end 7.62 2.6) (layer F.Fab) (width 0.1))
    (fp_line (start -2.6 4.1) (end 7.68 4.1) (layer F.SilkS) (width 0.12))
    (fp_line (start -2.54 4.1) (end 7.62 4.1) (layer F.Fab) (width 0.1))
    (fp_line (start -2.54 4.1) (end -2.54 -5.2) (layer F.Fab) (width 0.1))
    (fp_line (start -2.04 4.6) (end -2.54 4.1) (layer F.Fab) (width 0.1))
    (fp_line (start 7.62 4.6) (end -2.04 4.6) (layer F.Fab) (width 0.1))
    (fp_line (start 7.62 -5.2) (end 7.62 4.6) (layer F.Fab) (width 0.1))
    (fp_line (start -2.54 -5.2) (end 7.62 -5.2) (layer F.Fab) (width 0.1))
    (fp_circle (center 5.08 0) (end 6.76 0) (layer F.SilkS) (width 0.12))
    (fp_circle (center 5.08 0) (end 6.58 0) (layer F.Fab) (width 0.1))
    (fp_circle (center 0 0) (end 1.5 0) (layer F.Fab) (width 0.1))
    (fp_text user %R (at 2.647 5.874) (layer F.Fab)
      (effects (font (size 1 1) (thickness 0.15)))
    )
    (fp_arc (start 0 0) (end -0.684 1.535) (angle -25) (layer F.SilkS) (width 0.12))
    (fp_arc (start 0 0) (end -1.535 -0.684) (angle -48) (layer F.SilkS) (width 0.12))
    (fp_arc (start 0 0) (end 0.684 -1.535) (angle -48) (layer F.SilkS) (width 0.12))
    (fp_arc (start 0 0) (end 1.535 0.684) (angle -48) (layer F.SilkS) (width 0.12))
    (fp_arc (start 0 0) (end 0 1.68) (angle -24) (layer F.SilkS) (width 0.12))
    (pad 2 thru_hole circle (at 5.08 0) (size 2.6 2.6) (drill 1.3) (layers *.Cu *.Mask)
      (net 2 Sleeve1))
    (pad 1 thru_hole rect (at 0 0) (size 2.6 2.6) (drill 1.3) (layers *.Cu *.Mask)
      (net 11 Tip1))
    (model ${KISYS3DMOD}/TerminalBlock_Phoenix.3dshapes/TerminalBlock_Phoenix_MKDS-1,5-2-5.08_1x02_P5.08mm_Horizontal.wrl
      (at (xyz 0 0 0))
      (scale (xyz 1 1 1))
      (rotate (xyz 0 0 0))
    )
  )

  (module TerminalBlock_Phoenix:TerminalBlock_Phoenix_MKDS-1,5-2-5.08_1x02_P5.08mm_Horizontal (layer F.Cu) (tedit 5B294EBC) (tstamp 60ABB5F3)
    (at 152.22 65)
    (descr "Terminal Block Phoenix MKDS-1,5-2-5.08, 2 pins, pitch 5.08mm, size 10.2x9.8mm^2, drill diamater 1.3mm, pad diameter 2.6mm, see http://www.farnell.com/datasheets/100425.pdf, script-generated using https://github.com/pointhi/kicad-footprint-generator/scripts/TerminalBlock_Phoenix")
    (tags "THT Terminal Block Phoenix MKDS-1,5-2-5.08 pitch 5.08mm size 10.2x9.8mm^2 drill 1.3mm pad 2.6mm")
    (path /60A6482E)
    (fp_text reference Battre1 (at 2.18 3.4) (layer F.SilkS)
      (effects (font (size 1 1) (thickness 0.15)))
    )
    (fp_text value " " (at 2.54 5.66) (layer F.Fab)
      (effects (font (size 1 1) (thickness 0.15)))
    )
    (fp_circle (center 0 0) (end 1.5 0) (layer F.Fab) (width 0.1))
    (fp_circle (center 5.08 0) (end 6.58 0) (layer F.Fab) (width 0.1))
    (fp_circle (center 5.08 0) (end 6.76 0) (layer F.SilkS) (width 0.12))
    (fp_line (start -2.54 -5.2) (end 7.62 -5.2) (layer F.Fab) (width 0.1))
    (fp_line (start 7.62 -5.2) (end 7.62 4.6) (layer F.Fab) (width 0.1))
    (fp_line (start 7.62 4.6) (end -2.04 4.6) (layer F.Fab) (width 0.1))
    (fp_line (start -2.04 4.6) (end -2.54 4.1) (layer F.Fab) (width 0.1))
    (fp_line (start -2.54 4.1) (end -2.54 -5.2) (layer F.Fab) (width 0.1))
    (fp_line (start -2.54 4.1) (end 7.62 4.1) (layer F.Fab) (width 0.1))
    (fp_line (start -2.6 4.1) (end 7.68 4.1) (layer F.SilkS) (width 0.12))
    (fp_line (start -2.54 2.6) (end 7.62 2.6) (layer F.Fab) (width 0.1))
    (fp_line (start -2.6 2.6) (end 7.68 2.6) (layer F.SilkS) (width 0.12))
    (fp_line (start -2.54 -2.3) (end 7.62 -2.3) (layer F.Fab) (width 0.1))
    (fp_line (start -2.6 -2.301) (end 7.68 -2.301) (layer F.SilkS) (width 0.12))
    (fp_line (start -2.6 -5.261) (end 7.68 -5.261) (layer F.SilkS) (width 0.12))
    (fp_line (start -2.6 4.66) (end 7.68 4.66) (layer F.SilkS) (width 0.12))
    (fp_line (start -2.6 -5.261) (end -2.6 4.66) (layer F.SilkS) (width 0.12))
    (fp_line (start 7.68 -5.261) (end 7.68 4.66) (layer F.SilkS) (width 0.12))
    (fp_line (start 1.138 -0.955) (end -0.955 1.138) (layer F.Fab) (width 0.1))
    (fp_line (start 0.955 -1.138) (end -1.138 0.955) (layer F.Fab) (width 0.1))
    (fp_line (start 6.218 -0.955) (end 4.126 1.138) (layer F.Fab) (width 0.1))
    (fp_line (start 6.035 -1.138) (end 3.943 0.955) (layer F.Fab) (width 0.1))
    (fp_line (start 6.355 -1.069) (end 6.308 -1.023) (layer F.SilkS) (width 0.12))
    (fp_line (start 4.046 1.239) (end 4.011 1.274) (layer F.SilkS) (width 0.12))
    (fp_line (start 6.15 -1.275) (end 6.115 -1.239) (layer F.SilkS) (width 0.12))
    (fp_line (start 3.853 1.023) (end 3.806 1.069) (layer F.SilkS) (width 0.12))
    (fp_line (start -2.84 4.16) (end -2.84 4.9) (layer F.SilkS) (width 0.12))
    (fp_line (start -2.84 4.9) (end -2.34 4.9) (layer F.SilkS) (width 0.12))
    (fp_line (start -3.04 -5.71) (end -3.04 5.1) (layer F.CrtYd) (width 0.05))
    (fp_line (start -3.04 5.1) (end 8.13 5.1) (layer F.CrtYd) (width 0.05))
    (fp_line (start 8.13 5.1) (end 8.13 -5.71) (layer F.CrtYd) (width 0.05))
    (fp_line (start 8.13 -5.71) (end -3.04 -5.71) (layer F.CrtYd) (width 0.05))
    (fp_arc (start 0 0) (end 0 1.68) (angle -24) (layer F.SilkS) (width 0.12))
    (fp_arc (start 0 0) (end 1.535 0.684) (angle -48) (layer F.SilkS) (width 0.12))
    (fp_arc (start 0 0) (end 0.684 -1.535) (angle -48) (layer F.SilkS) (width 0.12))
    (fp_arc (start 0 0) (end -1.535 -0.684) (angle -48) (layer F.SilkS) (width 0.12))
    (fp_arc (start 0 0) (end -0.684 1.535) (angle -25) (layer F.SilkS) (width 0.12))
    (fp_text user %R (at 2.18 3.4) (layer F.Fab)
      (effects (font (size 1 1) (thickness 0.15)))
    )
    (pad 1 thru_hole rect (at 0 0) (size 2.6 2.6) (drill 1.3) (layers *.Cu *.Mask)
      (net 14 +BATT))
    (pad 2 thru_hole circle (at 5.08 0) (size 2.6 2.6) (drill 1.3) (layers *.Cu *.Mask)
      (net 1 GND))
    (model ${KISYS3DMOD}/TerminalBlock_Phoenix.3dshapes/TerminalBlock_Phoenix_MKDS-1,5-2-5.08_1x02_P5.08mm_Horizontal.wrl
      (at (xyz 0 0 0))
      (scale (xyz 1 1 1))
      (rotate (xyz 0 0 0))
    )
  )

  (module TerminalBlock_Phoenix:TerminalBlock_Phoenix_MKDS-1,5-2-5.08_1x02_P5.08mm_Horizontal (layer F.Cu) (tedit 5B294EBC) (tstamp 60ABB6F5)
    (at 187.3 65)
    (descr "Terminal Block Phoenix MKDS-1,5-2-5.08, 2 pins, pitch 5.08mm, size 10.2x9.8mm^2, drill diamater 1.3mm, pad diameter 2.6mm, see http://www.farnell.com/datasheets/100425.pdf, script-generated using https://github.com/pointhi/kicad-footprint-generator/scripts/TerminalBlock_Phoenix")
    (tags "THT Terminal Block Phoenix MKDS-1,5-2-5.08 pitch 5.08mm size 10.2x9.8mm^2 drill 1.3mm pad 2.6mm")
    (path /60A640E7)
    (fp_text reference Current2_Sensor1 (at 2.54 -6.26) (layer F.SilkS)
      (effects (font (size 1 1) (thickness 0.15)))
    )
    (fp_text value " " (at 2.54 5.66) (layer F.Fab)
      (effects (font (size 1 1) (thickness 0.15)))
    )
    (fp_line (start 8.13 -5.71) (end -3.04 -5.71) (layer F.CrtYd) (width 0.05))
    (fp_line (start 8.13 5.1) (end 8.13 -5.71) (layer F.CrtYd) (width 0.05))
    (fp_line (start -3.04 5.1) (end 8.13 5.1) (layer F.CrtYd) (width 0.05))
    (fp_line (start -3.04 -5.71) (end -3.04 5.1) (layer F.CrtYd) (width 0.05))
    (fp_line (start -2.84 4.9) (end -2.34 4.9) (layer F.SilkS) (width 0.12))
    (fp_line (start -2.84 4.16) (end -2.84 4.9) (layer F.SilkS) (width 0.12))
    (fp_line (start 3.853 1.023) (end 3.806 1.069) (layer F.SilkS) (width 0.12))
    (fp_line (start 6.15 -1.275) (end 6.115 -1.239) (layer F.SilkS) (width 0.12))
    (fp_line (start 4.046 1.239) (end 4.011 1.274) (layer F.SilkS) (width 0.12))
    (fp_line (start 6.355 -1.069) (end 6.308 -1.023) (layer F.SilkS) (width 0.12))
    (fp_line (start 6.035 -1.138) (end 3.943 0.955) (layer F.Fab) (width 0.1))
    (fp_line (start 6.218 -0.955) (end 4.126 1.138) (layer F.Fab) (width 0.1))
    (fp_line (start 0.955 -1.138) (end -1.138 0.955) (layer F.Fab) (width 0.1))
    (fp_line (start 1.138 -0.955) (end -0.955 1.138) (layer F.Fab) (width 0.1))
    (fp_line (start 7.68 -5.261) (end 7.68 4.66) (layer F.SilkS) (width 0.12))
    (fp_line (start -2.6 -5.261) (end -2.6 4.66) (layer F.SilkS) (width 0.12))
    (fp_line (start -2.6 4.66) (end 7.68 4.66) (layer F.SilkS) (width 0.12))
    (fp_line (start -2.6 -5.261) (end 7.68 -5.261) (layer F.SilkS) (width 0.12))
    (fp_line (start -2.6 -2.301) (end 7.68 -2.301) (layer F.SilkS) (width 0.12))
    (fp_line (start -2.54 -2.3) (end 7.62 -2.3) (layer F.Fab) (width 0.1))
    (fp_line (start -2.6 2.6) (end 7.68 2.6) (layer F.SilkS) (width 0.12))
    (fp_line (start -2.54 2.6) (end 7.62 2.6) (layer F.Fab) (width 0.1))
    (fp_line (start -2.6 4.1) (end 7.68 4.1) (layer F.SilkS) (width 0.12))
    (fp_line (start -2.54 4.1) (end 7.62 4.1) (layer F.Fab) (width 0.1))
    (fp_line (start -2.54 4.1) (end -2.54 -5.2) (layer F.Fab) (width 0.1))
    (fp_line (start -2.04 4.6) (end -2.54 4.1) (layer F.Fab) (width 0.1))
    (fp_line (start 7.62 4.6) (end -2.04 4.6) (layer F.Fab) (width 0.1))
    (fp_line (start 7.62 -5.2) (end 7.62 4.6) (layer F.Fab) (width 0.1))
    (fp_line (start -2.54 -5.2) (end 7.62 -5.2) (layer F.Fab) (width 0.1))
    (fp_circle (center 5.08 0) (end 6.76 0) (layer F.SilkS) (width 0.12))
    (fp_circle (center 5.08 0) (end 6.58 0) (layer F.Fab) (width 0.1))
    (fp_circle (center 0 0) (end 1.5 0) (layer F.Fab) (width 0.1))
    (fp_text user %R (at 2.54912 -6.2672) (layer F.Fab)
      (effects (font (size 1 1) (thickness 0.15)))
    )
    (fp_arc (start 0 0) (end -0.684 1.535) (angle -25) (layer F.SilkS) (width 0.12))
    (fp_arc (start 0 0) (end -1.535 -0.684) (angle -48) (layer F.SilkS) (width 0.12))
    (fp_arc (start 0 0) (end 0.684 -1.535) (angle -48) (layer F.SilkS) (width 0.12))
    (fp_arc (start 0 0) (end 1.535 0.684) (angle -48) (layer F.SilkS) (width 0.12))
    (fp_arc (start 0 0) (end 0 1.68) (angle -24) (layer F.SilkS) (width 0.12))
    (pad 2 thru_hole circle (at 5.08 0) (size 2.6 2.6) (drill 1.3) (layers *.Cu *.Mask)
      (net 3 Sleeve2))
    (pad 1 thru_hole rect (at 0 0) (size 2.6 2.6) (drill 1.3) (layers *.Cu *.Mask)
      (net 12 Tip2))
    (model ${KISYS3DMOD}/TerminalBlock_Phoenix.3dshapes/TerminalBlock_Phoenix_MKDS-1,5-2-5.08_1x02_P5.08mm_Horizontal.wrl
      (at (xyz 0 0 0))
      (scale (xyz 1 1 1))
      (rotate (xyz 0 0 0))
    )
  )

  (module TerminalBlock_Phoenix:TerminalBlock_Phoenix_MKDS-1,5-2-5.08_1x02_P5.08mm_Horizontal (layer F.Cu) (tedit 5B294EBC) (tstamp 60ABB4D6)
    (at 198.5 65)
    (descr "Terminal Block Phoenix MKDS-1,5-2-5.08, 2 pins, pitch 5.08mm, size 10.2x9.8mm^2, drill diamater 1.3mm, pad diameter 2.6mm, see http://www.farnell.com/datasheets/100425.pdf, script-generated using https://github.com/pointhi/kicad-footprint-generator/scripts/TerminalBlock_Phoenix")
    (tags "THT Terminal Block Phoenix MKDS-1,5-2-5.08 pitch 5.08mm size 10.2x9.8mm^2 drill 1.3mm pad 2.6mm")
    (path /60A63BCB)
    (fp_text reference Current3_Sensor1 (at 2.777 6.001) (layer F.SilkS)
      (effects (font (size 1 1) (thickness 0.15)))
    )
    (fp_text value " " (at 2.54 5.66) (layer F.Fab)
      (effects (font (size 1 1) (thickness 0.15)))
    )
    (fp_circle (center 0 0) (end 1.5 0) (layer F.Fab) (width 0.1))
    (fp_circle (center 5.08 0) (end 6.58 0) (layer F.Fab) (width 0.1))
    (fp_circle (center 5.08 0) (end 6.76 0) (layer F.SilkS) (width 0.12))
    (fp_line (start -2.54 -5.2) (end 7.62 -5.2) (layer F.Fab) (width 0.1))
    (fp_line (start 7.62 -5.2) (end 7.62 4.6) (layer F.Fab) (width 0.1))
    (fp_line (start 7.62 4.6) (end -2.04 4.6) (layer F.Fab) (width 0.1))
    (fp_line (start -2.04 4.6) (end -2.54 4.1) (layer F.Fab) (width 0.1))
    (fp_line (start -2.54 4.1) (end -2.54 -5.2) (layer F.Fab) (width 0.1))
    (fp_line (start -2.54 4.1) (end 7.62 4.1) (layer F.Fab) (width 0.1))
    (fp_line (start -2.6 4.1) (end 7.68 4.1) (layer F.SilkS) (width 0.12))
    (fp_line (start -2.54 2.6) (end 7.62 2.6) (layer F.Fab) (width 0.1))
    (fp_line (start -2.6 2.6) (end 7.68 2.6) (layer F.SilkS) (width 0.12))
    (fp_line (start -2.54 -2.3) (end 7.62 -2.3) (layer F.Fab) (width 0.1))
    (fp_line (start -2.6 -2.301) (end 7.68 -2.301) (layer F.SilkS) (width 0.12))
    (fp_line (start -2.6 -5.261) (end 7.68 -5.261) (layer F.SilkS) (width 0.12))
    (fp_line (start -2.6 4.66) (end 7.68 4.66) (layer F.SilkS) (width 0.12))
    (fp_line (start -2.6 -5.261) (end -2.6 4.66) (layer F.SilkS) (width 0.12))
    (fp_line (start 7.68 -5.261) (end 7.68 4.66) (layer F.SilkS) (width 0.12))
    (fp_line (start 1.138 -0.955) (end -0.955 1.138) (layer F.Fab) (width 0.1))
    (fp_line (start 0.955 -1.138) (end -1.138 0.955) (layer F.Fab) (width 0.1))
    (fp_line (start 6.218 -0.955) (end 4.126 1.138) (layer F.Fab) (width 0.1))
    (fp_line (start 6.035 -1.138) (end 3.943 0.955) (layer F.Fab) (width 0.1))
    (fp_line (start 6.355 -1.069) (end 6.308 -1.023) (layer F.SilkS) (width 0.12))
    (fp_line (start 4.046 1.239) (end 4.011 1.274) (layer F.SilkS) (width 0.12))
    (fp_line (start 6.15 -1.275) (end 6.115 -1.239) (layer F.SilkS) (width 0.12))
    (fp_line (start 3.853 1.023) (end 3.806 1.069) (layer F.SilkS) (width 0.12))
    (fp_line (start -2.84 4.16) (end -2.84 4.9) (layer F.SilkS) (width 0.12))
    (fp_line (start -2.84 4.9) (end -2.34 4.9) (layer F.SilkS) (width 0.12))
    (fp_line (start -3.04 -5.71) (end -3.04 5.1) (layer F.CrtYd) (width 0.05))
    (fp_line (start -3.04 5.1) (end 8.13 5.1) (layer F.CrtYd) (width 0.05))
    (fp_line (start 8.13 5.1) (end 8.13 -5.71) (layer F.CrtYd) (width 0.05))
    (fp_line (start 8.13 -5.71) (end -3.04 -5.71) (layer F.CrtYd) (width 0.05))
    (fp_arc (start 0 0) (end 0 1.68) (angle -24) (layer F.SilkS) (width 0.12))
    (fp_arc (start 0 0) (end 1.535 0.684) (angle -48) (layer F.SilkS) (width 0.12))
    (fp_arc (start 0 0) (end 0.684 -1.535) (angle -48) (layer F.SilkS) (width 0.12))
    (fp_arc (start 0 0) (end -1.535 -0.684) (angle -48) (layer F.SilkS) (width 0.12))
    (fp_arc (start 0 0) (end -0.684 1.535) (angle -25) (layer F.SilkS) (width 0.12))
    (fp_text user %R (at 2.777 6.001) (layer F.Fab)
      (effects (font (size 1 1) (thickness 0.15)))
    )
    (pad 1 thru_hole rect (at 0 0) (size 2.6 2.6) (drill 1.3) (layers *.Cu *.Mask)
      (net 13 Tip3))
    (pad 2 thru_hole circle (at 5.08 0) (size 2.6 2.6) (drill 1.3) (layers *.Cu *.Mask)
      (net 4 Sleeve3))
    (model ${KISYS3DMOD}/TerminalBlock_Phoenix.3dshapes/TerminalBlock_Phoenix_MKDS-1,5-2-5.08_1x02_P5.08mm_Horizontal.wrl
      (at (xyz 0 0 0))
      (scale (xyz 1 1 1))
      (rotate (xyz 0 0 0))
    )
  )

  (module TerminalBlock_Phoenix:TerminalBlock_Phoenix_MKDS-1,5-3-5.08_1x03_P5.08mm_Horizontal (layer F.Cu) (tedit 5B294EBC) (tstamp 60ABB560)
    (at 235 64.9)
    (descr "Terminal Block Phoenix MKDS-1,5-3-5.08, 3 pins, pitch 5.08mm, size 15.2x9.8mm^2, drill diamater 1.3mm, pad diameter 2.6mm, see http://www.farnell.com/datasheets/100425.pdf, script-generated using https://github.com/pointhi/kicad-footprint-generator/scripts/TerminalBlock_Phoenix")
    (tags "THT Terminal Block Phoenix MKDS-1,5-3-5.08 pitch 5.08mm size 15.2x9.8mm^2 drill 1.3mm pad 2.6mm")
    (path /60A65613)
    (fp_text reference Pressure_Sensor1 (at 3.246 6.128) (layer F.SilkS)
      (effects (font (size 1 1) (thickness 0.15)))
    )
    (fp_text value " " (at 5.08 5.66) (layer F.Fab)
      (effects (font (size 1 1) (thickness 0.15)))
    )
    (fp_circle (center 0 0) (end 1.5 0) (layer F.Fab) (width 0.1))
    (fp_circle (center 5.08 0) (end 6.58 0) (layer F.Fab) (width 0.1))
    (fp_circle (center 5.08 0) (end 6.76 0) (layer F.SilkS) (width 0.12))
    (fp_circle (center 10.16 0) (end 11.66 0) (layer F.Fab) (width 0.1))
    (fp_circle (center 10.16 0) (end 11.84 0) (layer F.SilkS) (width 0.12))
    (fp_line (start -2.54 -5.2) (end 12.7 -5.2) (layer F.Fab) (width 0.1))
    (fp_line (start 12.7 -5.2) (end 12.7 4.6) (layer F.Fab) (width 0.1))
    (fp_line (start 12.7 4.6) (end -2.04 4.6) (layer F.Fab) (width 0.1))
    (fp_line (start -2.04 4.6) (end -2.54 4.1) (layer F.Fab) (width 0.1))
    (fp_line (start -2.54 4.1) (end -2.54 -5.2) (layer F.Fab) (width 0.1))
    (fp_line (start -2.54 4.1) (end 12.7 4.1) (layer F.Fab) (width 0.1))
    (fp_line (start -2.6 4.1) (end 12.76 4.1) (layer F.SilkS) (width 0.12))
    (fp_line (start -2.54 2.6) (end 12.7 2.6) (layer F.Fab) (width 0.1))
    (fp_line (start -2.6 2.6) (end 12.76 2.6) (layer F.SilkS) (width 0.12))
    (fp_line (start -2.54 -2.3) (end 12.7 -2.3) (layer F.Fab) (width 0.1))
    (fp_line (start -2.6 -2.301) (end 12.76 -2.301) (layer F.SilkS) (width 0.12))
    (fp_line (start -2.6 -5.261) (end 12.76 -5.261) (layer F.SilkS) (width 0.12))
    (fp_line (start -2.6 4.66) (end 12.76 4.66) (layer F.SilkS) (width 0.12))
    (fp_line (start -2.6 -5.261) (end -2.6 4.66) (layer F.SilkS) (width 0.12))
    (fp_line (start 12.76 -5.261) (end 12.76 4.66) (layer F.SilkS) (width 0.12))
    (fp_line (start 1.138 -0.955) (end -0.955 1.138) (layer F.Fab) (width 0.1))
    (fp_line (start 0.955 -1.138) (end -1.138 0.955) (layer F.Fab) (width 0.1))
    (fp_line (start 6.218 -0.955) (end 4.126 1.138) (layer F.Fab) (width 0.1))
    (fp_line (start 6.035 -1.138) (end 3.943 0.955) (layer F.Fab) (width 0.1))
    (fp_line (start 6.355 -1.069) (end 6.308 -1.023) (layer F.SilkS) (width 0.12))
    (fp_line (start 4.046 1.239) (end 4.011 1.274) (layer F.SilkS) (width 0.12))
    (fp_line (start 6.15 -1.275) (end 6.115 -1.239) (layer F.SilkS) (width 0.12))
    (fp_line (start 3.853 1.023) (end 3.806 1.069) (layer F.SilkS) (width 0.12))
    (fp_line (start 11.298 -0.955) (end 9.206 1.138) (layer F.Fab) (width 0.1))
    (fp_line (start 11.115 -1.138) (end 9.023 0.955) (layer F.Fab) (width 0.1))
    (fp_line (start 11.435 -1.069) (end 11.388 -1.023) (layer F.SilkS) (width 0.12))
    (fp_line (start 9.126 1.239) (end 9.091 1.274) (layer F.SilkS) (width 0.12))
    (fp_line (start 11.23 -1.275) (end 11.195 -1.239) (layer F.SilkS) (width 0.12))
    (fp_line (start 8.933 1.023) (end 8.886 1.069) (layer F.SilkS) (width 0.12))
    (fp_line (start -2.84 4.16) (end -2.84 4.9) (layer F.SilkS) (width 0.12))
    (fp_line (start -2.84 4.9) (end -2.34 4.9) (layer F.SilkS) (width 0.12))
    (fp_line (start -3.04 -5.71) (end -3.04 5.1) (layer F.CrtYd) (width 0.05))
    (fp_line (start -3.04 5.1) (end 13.21 5.1) (layer F.CrtYd) (width 0.05))
    (fp_line (start 13.21 5.1) (end 13.21 -5.71) (layer F.CrtYd) (width 0.05))
    (fp_line (start 13.21 -5.71) (end -3.04 -5.71) (layer F.CrtYd) (width 0.05))
    (fp_arc (start 0 0) (end 0 1.68) (angle -24) (layer F.SilkS) (width 0.12))
    (fp_arc (start 0 0) (end 1.535 0.684) (angle -48) (layer F.SilkS) (width 0.12))
    (fp_arc (start 0 0) (end 0.684 -1.535) (angle -48) (layer F.SilkS) (width 0.12))
    (fp_arc (start 0 0) (end -1.535 -0.684) (angle -48) (layer F.SilkS) (width 0.12))
    (fp_arc (start 0 0) (end -0.684 1.535) (angle -25) (layer F.SilkS) (width 0.12))
    (fp_text user %R (at 3.246 6.128) (layer F.Fab)
      (effects (font (size 1 1) (thickness 0.15)))
    )
    (pad 1 thru_hole rect (at 0 0) (size 2.6 2.6) (drill 1.3) (layers *.Cu *.Mask)
      (net 18 +5V))
    (pad 2 thru_hole circle (at 5.08 0) (size 2.6 2.6) (drill 1.3) (layers *.Cu *.Mask)
      (net 8 Analog_Pressure))
    (pad 3 thru_hole circle (at 10.16 0) (size 2.6 2.6) (drill 1.3) (layers *.Cu *.Mask)
      (net 17 GND2))
    (model ${KISYS3DMOD}/TerminalBlock_Phoenix.3dshapes/TerminalBlock_Phoenix_MKDS-1,5-3-5.08_1x03_P5.08mm_Horizontal.wrl
      (at (xyz 0 0 0))
      (scale (xyz 1 1 1))
      (rotate (xyz 0 0 0))
    )
  )

  (module "DC-DC converter:Modul Termokapel" (layer F.Cu) (tedit 60A715E4) (tstamp 60AA3C81)
    (at 213.9 55.08)
    (path /60A741D6)
    (fp_text reference U1 (at 0.1 0.1) (layer F.SilkS)
      (effects (font (size 1 1) (thickness 0.15)))
    )
    (fp_text value Module_Termokapel (at 0 9.95 90) (layer F.Fab)
      (effects (font (size 1 1) (thickness 0.15)))
    )
    (fp_line (start -6.45 -6.5) (end 6.5 -6.5) (layer Dwgs.User) (width 0.12))
    (fp_line (start -6.45 -6.5) (end -6.45 23.06) (layer Dwgs.User) (width 0.12))
    (fp_line (start 6.5 -6.5) (end 6.5 23.06) (layer Dwgs.User) (width 0.12))
    (fp_line (start -6.45 23.06) (end 6.5 23.06) (layer Dwgs.User) (width 0.12))
    (fp_line (start -6.45 -6.5) (end 6.5 -6.5) (layer F.SilkS) (width 0.12))
    (fp_line (start 6.5 -6.5) (end 6.5 23.05) (layer F.SilkS) (width 0.12))
    (fp_line (start 6.5 23.05) (end -6.45 23.05) (layer F.SilkS) (width 0.12))
    (fp_line (start -6.45 23.05) (end -6.45 -6.5) (layer F.SilkS) (width 0.12))
    (pad 5 thru_hole oval (at 5.08 -5.08) (size 2 2) (drill 0.762) (layers *.Cu *.Mask)
      (net 7 MISO))
    (pad 4 thru_hole oval (at 2.54 -5.08) (size 2 2) (drill 0.762) (layers *.Cu *.Mask)
      (net 6 CS))
    (pad 3 thru_hole oval (at 0 -5.08) (size 2 2) (drill 0.762) (layers *.Cu *.Mask)
      (net 5 SCK))
    (pad 2 thru_hole oval (at -2.54 -5.08) (size 2 2) (drill 0.762) (layers *.Cu *.Mask)
      (net 16 +3V3))
    (pad 1 thru_hole oval (at -5.08 -5.08) (size 2 2) (drill 0.762) (layers *.Cu *.Mask)
      (net 15 GND1))
  )

  (module TerminalBlock_Phoenix:TerminalBlock_Phoenix_MKDS-1,5-2-5.08_1x02_P5.08mm_Horizontal (layer F.Cu) (tedit 5B294EBC) (tstamp 613A2AC3)
    (at 223.82 64.9)
    (descr "Terminal Block Phoenix MKDS-1,5-2-5.08, 2 pins, pitch 5.08mm, size 10.2x9.8mm^2, drill diamater 1.3mm, pad diameter 2.6mm, see http://www.farnell.com/datasheets/100425.pdf, script-generated using https://github.com/pointhi/kicad-footprint-generator/scripts/TerminalBlock_Phoenix")
    (tags "THT Terminal Block Phoenix MKDS-1,5-2-5.08 pitch 5.08mm size 10.2x9.8mm^2 drill 1.3mm pad 2.6mm")
    (path /60A7A2F9)
    (fp_text reference Push_Button1 (at 2.295 6.382) (layer F.SilkS)
      (effects (font (size 1 1) (thickness 0.15)))
    )
    (fp_text value " " (at 2.54 5.66) (layer F.Fab)
      (effects (font (size 1 1) (thickness 0.15)))
    )
    (fp_line (start 8.13 -5.71) (end -3.04 -5.71) (layer F.CrtYd) (width 0.05))
    (fp_line (start 8.13 5.1) (end 8.13 -5.71) (layer F.CrtYd) (width 0.05))
    (fp_line (start -3.04 5.1) (end 8.13 5.1) (layer F.CrtYd) (width 0.05))
    (fp_line (start -3.04 -5.71) (end -3.04 5.1) (layer F.CrtYd) (width 0.05))
    (fp_line (start -2.84 4.9) (end -2.34 4.9) (layer F.SilkS) (width 0.12))
    (fp_line (start -2.84 4.16) (end -2.84 4.9) (layer F.SilkS) (width 0.12))
    (fp_line (start 3.853 1.023) (end 3.806 1.069) (layer F.SilkS) (width 0.12))
    (fp_line (start 6.15 -1.275) (end 6.115 -1.239) (layer F.SilkS) (width 0.12))
    (fp_line (start 4.046 1.239) (end 4.011 1.274) (layer F.SilkS) (width 0.12))
    (fp_line (start 6.355 -1.069) (end 6.308 -1.023) (layer F.SilkS) (width 0.12))
    (fp_line (start 6.035 -1.138) (end 3.943 0.955) (layer F.Fab) (width 0.1))
    (fp_line (start 6.218 -0.955) (end 4.126 1.138) (layer F.Fab) (width 0.1))
    (fp_line (start 0.955 -1.138) (end -1.138 0.955) (layer F.Fab) (width 0.1))
    (fp_line (start 1.138 -0.955) (end -0.955 1.138) (layer F.Fab) (width 0.1))
    (fp_line (start 7.68 -5.261) (end 7.68 4.66) (layer F.SilkS) (width 0.12))
    (fp_line (start -2.6 -5.261) (end -2.6 4.66) (layer F.SilkS) (width 0.12))
    (fp_line (start -2.6 4.66) (end 7.68 4.66) (layer F.SilkS) (width 0.12))
    (fp_line (start -2.6 -5.261) (end 7.68 -5.261) (layer F.SilkS) (width 0.12))
    (fp_line (start -2.6 -2.301) (end 7.68 -2.301) (layer F.SilkS) (width 0.12))
    (fp_line (start -2.54 -2.3) (end 7.62 -2.3) (layer F.Fab) (width 0.1))
    (fp_line (start -2.6 2.6) (end 7.68 2.6) (layer F.SilkS) (width 0.12))
    (fp_line (start -2.54 2.6) (end 7.62 2.6) (layer F.Fab) (width 0.1))
    (fp_line (start -2.6 4.1) (end 7.68 4.1) (layer F.SilkS) (width 0.12))
    (fp_line (start -2.54 4.1) (end 7.62 4.1) (layer F.Fab) (width 0.1))
    (fp_line (start -2.54 4.1) (end -2.54 -5.2) (layer F.Fab) (width 0.1))
    (fp_line (start -2.04 4.6) (end -2.54 4.1) (layer F.Fab) (width 0.1))
    (fp_line (start 7.62 4.6) (end -2.04 4.6) (layer F.Fab) (width 0.1))
    (fp_line (start 7.62 -5.2) (end 7.62 4.6) (layer F.Fab) (width 0.1))
    (fp_line (start -2.54 -5.2) (end 7.62 -5.2) (layer F.Fab) (width 0.1))
    (fp_circle (center 5.08 0) (end 6.76 0) (layer F.SilkS) (width 0.12))
    (fp_circle (center 5.08 0) (end 6.58 0) (layer F.Fab) (width 0.1))
    (fp_circle (center 0 0) (end 1.5 0) (layer F.Fab) (width 0.1))
    (fp_arc (start 0 0) (end 0 1.68) (angle -24) (layer F.SilkS) (width 0.12))
    (fp_arc (start 0 0) (end 1.535 0.684) (angle -48) (layer F.SilkS) (width 0.12))
    (fp_arc (start 0 0) (end 0.684 -1.535) (angle -48) (layer F.SilkS) (width 0.12))
    (fp_arc (start 0 0) (end -1.535 -0.684) (angle -48) (layer F.SilkS) (width 0.12))
    (fp_arc (start 0 0) (end -0.684 1.535) (angle -25) (layer F.SilkS) (width 0.12))
    (fp_text user %R (at 2.295 6.382) (layer F.Fab)
      (effects (font (size 1 1) (thickness 0.15)))
    )
    (pad 1 thru_hole rect (at 0 0) (size 2.6 2.6) (drill 1.3) (layers *.Cu *.Mask)
      (net 9 Push_Button_In))
    (pad 2 thru_hole circle (at 5.08 0) (size 2.6 2.6) (drill 1.3) (layers *.Cu *.Mask)
      (net 10 Push_Button_Out))
    (model ${KISYS3DMOD}/TerminalBlock_Phoenix.3dshapes/TerminalBlock_Phoenix_MKDS-1,5-2-5.08_1x02_P5.08mm_Horizontal.wrl
      (at (xyz 0 0 0))
      (scale (xyz 1 1 1))
      (rotate (xyz 0 0 0))
    )
  )

  (module MountingHole:MountingHole_3.2mm_M3 (layer F.Cu) (tedit 56D1B4CB) (tstamp 60AA4B4C)
    (at 145.75 77)
    (descr "Mounting Hole 3.2mm, no annular, M3")
    (tags "mounting hole 3.2mm no annular m3")
    (path /60A7F372)
    (attr virtual)
    (fp_text reference H1 (at 0 -2.324) (layer F.SilkS)
      (effects (font (size 1 1) (thickness 0.15)))
    )
    (fp_text value MountingHole (at 0 4.2) (layer F.Fab)
      (effects (font (size 1 1) (thickness 0.15)))
    )
    (fp_circle (center 0 0) (end 3.45 0) (layer F.CrtYd) (width 0.05))
    (fp_circle (center 0 0) (end 3.2 0) (layer Cmts.User) (width 0.15))
    (fp_text user %R (at 0.3 0) (layer F.Fab)
      (effects (font (size 1 1) (thickness 0.15)))
    )
    (pad 1 np_thru_hole circle (at 0 0) (size 3.2 3.2) (drill 3.2) (layers *.Cu *.Mask))
  )

  (module MountingHole:MountingHole_3.2mm_M3 (layer F.Cu) (tedit 56D1B4CB) (tstamp 60AA4B71)
    (at 145.25 40.4)
    (descr "Mounting Hole 3.2mm, no annular, M3")
    (tags "mounting hole 3.2mm no annular m3")
    (path /60A80A40)
    (attr virtual)
    (fp_text reference H2 (at -0.035 2.426) (layer F.SilkS)
      (effects (font (size 1 1) (thickness 0.15)))
    )
    (fp_text value MountingHole (at 0 4.2) (layer F.Fab)
      (effects (font (size 1 1) (thickness 0.15)))
    )
    (fp_circle (center 0 0) (end 3.45 0) (layer F.CrtYd) (width 0.05))
    (fp_circle (center 0 0) (end 3.2 0) (layer Cmts.User) (width 0.15))
    (fp_text user %R (at 0.3 0) (layer F.Fab)
      (effects (font (size 1 1) (thickness 0.15)))
    )
    (pad 1 np_thru_hole circle (at 0 0) (size 3.2 3.2) (drill 3.2) (layers *.Cu *.Mask))
  )

  (module MountingHole:MountingHole_3.2mm_M3 (layer F.Cu) (tedit 56D1B4CB) (tstamp 60ABABED)
    (at 249.275 76.7)
    (descr "Mounting Hole 3.2mm, no annular, M3")
    (tags "mounting hole 3.2mm no annular m3")
    (path /60A8036D)
    (attr virtual)
    (fp_text reference H3 (at -0.056 -2.324) (layer F.SilkS)
      (effects (font (size 1 1) (thickness 0.15)))
    )
    (fp_text value MountingHole (at 0 4.2) (layer F.Fab)
      (effects (font (size 1 1) (thickness 0.15)))
    )
    (fp_circle (center 0 0) (end 3.2 0) (layer Cmts.User) (width 0.15))
    (fp_circle (center 0 0) (end 3.45 0) (layer F.CrtYd) (width 0.05))
    (fp_text user %R (at 0.3 0) (layer F.Fab)
      (effects (font (size 1 1) (thickness 0.15)))
    )
    (pad 1 np_thru_hole circle (at 0 0) (size 3.2 3.2) (drill 3.2) (layers *.Cu *.Mask))
  )

  (module MountingHole:MountingHole_3.2mm_M3 (layer F.Cu) (tedit 56D1B4CB) (tstamp 60ABAE02)
    (at 249.175 40.5)
    (descr "Mounting Hole 3.2mm, no annular, M3")
    (tags "mounting hole 3.2mm no annular m3")
    (path /60A80DE4)
    (attr virtual)
    (fp_text reference H4 (at -0.056 2.426) (layer F.SilkS)
      (effects (font (size 1 1) (thickness 0.15)))
    )
    (fp_text value MountingHole (at 0 4.2) (layer F.Fab)
      (effects (font (size 1 1) (thickness 0.15)))
    )
    (fp_circle (center 0 0) (end 3.2 0) (layer Cmts.User) (width 0.15))
    (fp_circle (center 0 0) (end 3.45 0) (layer F.CrtYd) (width 0.05))
    (fp_text user %R (at 0.3 0) (layer F.Fab)
      (effects (font (size 1 1) (thickness 0.15)))
    )
    (pad 1 np_thru_hole circle (at 0 0) (size 3.2 3.2) (drill 3.2) (layers *.Cu *.Mask))
  )

  (module Connector_Molex:Molex_KK-254_AE-6410-08A_1x08_P2.54mm_Vertical (layer F.Cu) (tedit 5EA53D3B) (tstamp 60ABB19B)
    (at 183.515 50.4)
    (descr "Molex KK-254 Interconnect System, old/engineering part number: AE-6410-08A example for new part number: 22-27-2081, 8 Pins (http://www.molex.com/pdm_docs/sd/022272021_sd.pdf), generated with kicad-footprint-generator")
    (tags "connector Molex KK-254 vertical")
    (path /60A62CDA)
    (fp_text reference Input_Pin_Distributor1 (at 8.89 -4.12) (layer F.SilkS)
      (effects (font (size 1 1) (thickness 0.15)))
    )
    (fp_text value " " (at 8.89 4.08) (layer F.Fab)
      (effects (font (size 1 1) (thickness 0.15)))
    )
    (fp_line (start 19.55 -3.42) (end -1.77 -3.42) (layer F.CrtYd) (width 0.05))
    (fp_line (start 19.55 3.38) (end 19.55 -3.42) (layer F.CrtYd) (width 0.05))
    (fp_line (start -1.77 3.38) (end 19.55 3.38) (layer F.CrtYd) (width 0.05))
    (fp_line (start -1.77 -3.42) (end -1.77 3.38) (layer F.CrtYd) (width 0.05))
    (fp_line (start 18.58 -2.43) (end 18.58 -3.03) (layer F.SilkS) (width 0.12))
    (fp_line (start 16.98 -2.43) (end 18.58 -2.43) (layer F.SilkS) (width 0.12))
    (fp_line (start 16.98 -3.03) (end 16.98 -2.43) (layer F.SilkS) (width 0.12))
    (fp_line (start 16.04 -2.43) (end 16.04 -3.03) (layer F.SilkS) (width 0.12))
    (fp_line (start 14.44 -2.43) (end 16.04 -2.43) (layer F.SilkS) (width 0.12))
    (fp_line (start 14.44 -3.03) (end 14.44 -2.43) (layer F.SilkS) (width 0.12))
    (fp_line (start 13.5 -2.43) (end 13.5 -3.03) (layer F.SilkS) (width 0.12))
    (fp_line (start 11.9 -2.43) (end 13.5 -2.43) (layer F.SilkS) (width 0.12))
    (fp_line (start 11.9 -3.03) (end 11.9 -2.43) (layer F.SilkS) (width 0.12))
    (fp_line (start 10.96 -2.43) (end 10.96 -3.03) (layer F.SilkS) (width 0.12))
    (fp_line (start 9.36 -2.43) (end 10.96 -2.43) (layer F.SilkS) (width 0.12))
    (fp_line (start 9.36 -3.03) (end 9.36 -2.43) (layer F.SilkS) (width 0.12))
    (fp_line (start 8.42 -2.43) (end 8.42 -3.03) (layer F.SilkS) (width 0.12))
    (fp_line (start 6.82 -2.43) (end 8.42 -2.43) (layer F.SilkS) (width 0.12))
    (fp_line (start 6.82 -3.03) (end 6.82 -2.43) (layer F.SilkS) (width 0.12))
    (fp_line (start 5.88 -2.43) (end 5.88 -3.03) (layer F.SilkS) (width 0.12))
    (fp_line (start 4.28 -2.43) (end 5.88 -2.43) (layer F.SilkS) (width 0.12))
    (fp_line (start 4.28 -3.03) (end 4.28 -2.43) (layer F.SilkS) (width 0.12))
    (fp_line (start 3.34 -2.43) (end 3.34 -3.03) (layer F.SilkS) (width 0.12))
    (fp_line (start 1.74 -2.43) (end 3.34 -2.43) (layer F.SilkS) (width 0.12))
    (fp_line (start 1.74 -3.03) (end 1.74 -2.43) (layer F.SilkS) (width 0.12))
    (fp_line (start 0.8 -2.43) (end 0.8 -3.03) (layer F.SilkS) (width 0.12))
    (fp_line (start -0.8 -2.43) (end 0.8 -2.43) (layer F.SilkS) (width 0.12))
    (fp_line (start -0.8 -3.03) (end -0.8 -2.43) (layer F.SilkS) (width 0.12))
    (fp_line (start 17.53 2.99) (end 17.53 1.99) (layer F.SilkS) (width 0.12))
    (fp_line (start 12.7 1.46) (end 12.7 1.99) (layer F.SilkS) (width 0.12))
    (fp_line (start 17.53 1.46) (end 12.7 1.46) (layer F.SilkS) (width 0.12))
    (fp_line (start 17.78 1.99) (end 17.53 1.46) (layer F.SilkS) (width 0.12))
    (fp_line (start 12.7 1.99) (end 12.7 2.99) (layer F.SilkS) (width 0.12))
    (fp_line (start 17.78 1.99) (end 12.7 1.99) (layer F.SilkS) (width 0.12))
    (fp_line (start 17.78 2.99) (end 17.78 1.99) (layer F.SilkS) (width 0.12))
    (fp_line (start 0.25 2.99) (end 0.25 1.99) (layer F.SilkS) (width 0.12))
    (fp_line (start 5.08 1.46) (end 5.08 1.99) (layer F.SilkS) (width 0.12))
    (fp_line (start 0.25 1.46) (end 5.08 1.46) (layer F.SilkS) (width 0.12))
    (fp_line (start 0 1.99) (end 0.25 1.46) (layer F.SilkS) (width 0.12))
    (fp_line (start 5.08 1.99) (end 5.08 2.99) (layer F.SilkS) (width 0.12))
    (fp_line (start 0 1.99) (end 5.08 1.99) (layer F.SilkS) (width 0.12))
    (fp_line (start 0 2.99) (end 0 1.99) (layer F.SilkS) (width 0.12))
    (fp_line (start -0.562893 0) (end -1.27 0.5) (layer F.Fab) (width 0.1))
    (fp_line (start -1.27 -0.5) (end -0.562893 0) (layer F.Fab) (width 0.1))
    (fp_line (start -1.67 -2) (end -1.67 2) (layer F.SilkS) (width 0.12))
    (fp_line (start 19.16 -3.03) (end -1.38 -3.03) (layer F.SilkS) (width 0.12))
    (fp_line (start 19.16 2.99) (end 19.16 -3.03) (layer F.SilkS) (width 0.12))
    (fp_line (start -1.38 2.99) (end 19.16 2.99) (layer F.SilkS) (width 0.12))
    (fp_line (start -1.38 -3.03) (end -1.38 2.99) (layer F.SilkS) (width 0.12))
    (fp_line (start 19.05 -2.92) (end -1.27 -2.92) (layer F.Fab) (width 0.1))
    (fp_line (start 19.05 2.88) (end 19.05 -2.92) (layer F.Fab) (width 0.1))
    (fp_line (start -1.27 2.88) (end 19.05 2.88) (layer F.Fab) (width 0.1))
    (fp_line (start -1.27 -2.92) (end -1.27 2.88) (layer F.Fab) (width 0.1))
    (fp_text user %R (at 8.89 -2.22) (layer F.Fab)
      (effects (font (size 1 1) (thickness 0.15)))
    )
    (pad 8 thru_hole oval (at 17.78 0) (size 1.74 2.19) (drill 1.19) (layers *.Cu *.Mask)
      (net 4 Sleeve3))
    (pad 7 thru_hole oval (at 15.24 0) (size 1.74 2.19) (drill 1.19) (layers *.Cu *.Mask)
      (net 3 Sleeve2))
    (pad 6 thru_hole oval (at 12.7 0) (size 1.74 2.19) (drill 1.19) (layers *.Cu *.Mask)
      (net 2 Sleeve1))
    (pad 5 thru_hole oval (at 10.16 0) (size 1.74 2.19) (drill 1.19) (layers *.Cu *.Mask)
      (net 15 GND1))
    (pad 4 thru_hole oval (at 7.62 0) (size 1.74 2.19) (drill 1.19) (layers *.Cu *.Mask)
      (net 16 +3V3))
    (pad 3 thru_hole oval (at 5.08 0) (size 1.74 2.19) (drill 1.19) (layers *.Cu *.Mask)
      (net 13 Tip3))
    (pad 2 thru_hole oval (at 2.54 0) (size 1.74 2.19) (drill 1.19) (layers *.Cu *.Mask)
      (net 12 Tip2))
